!TRANSPORT DATA
!Title: Experimental and kinetic modeling study of laminar coflow diffusion methane flames doped with iso-butanol
!Authors: Hanfeng Jin, Guoqing Wang, Yizun Wang, Yuyang Li, Fei Qi
!Correspongding: yuygli@sjtu.edu.cn, fqi@sjtu.edu.cn


!################################ From USC Mech II#####################
AR                 0   136.500     3.330     0.000     0.000     0.000 
C                  0    71.400     3.298     0.000     0.000     0.000 
CH                 1    80.000     2.750     0.000     0.000     0.000 
CH*                1    80.000     2.750     0.000     0.000     0.000
CH2                1   144.000     3.800     0.000     0.000     0.000 
CH2*               1   144.000     3.800     0.000     0.000     0.000 
CH3                1   144.000     3.800     0.000     0.000     0.000 
CH4                2   141.400     3.746     0.000     2.600    13.000 
CO                 1    98.100     3.650     0.000     1.950     1.800 
CO2                1   244.000     3.763     0.000     2.650     2.100 
HCO                2   498.000     3.590     0.000     0.000     0.000 
CH2O               2   498.000     3.590     0.000     0.000     2.000 
CH2OH              2   417.000     3.690     1.700     0.000     2.000 
CH3O               2   417.000     3.690     1.700     0.000     2.000 
CH3OH              2   481.800     3.626     0.000     0.000     1.000 
                                                                       
C2                 1    97.530     3.621     0.000     1.760     4.000 
C2O                1   232.400     3.828     0.000     0.000     1.000 
C2H                1   209.000     4.100     0.000     0.000     2.500 
C2H2               1   209.000     4.100     0.000     0.000     2.500 
H2CC               2   209.000     4.100     0.000     0.000     2.500
C2H3               2   209.000     4.100     0.000     0.000     1.000 
C2H4               2   280.800     3.971     0.000     0.000     1.500 
C2H5               2   252.300     4.302     0.000     0.000     1.500 
C2H6               2   252.300     4.302     0.000     0.000     1.500 
HCCO               2   150.000     2.500     0.000     0.000     1.000 
HCCOH              2   436.000     3.970     0.000     0.000     2.000 
CH2CO              2   436.000     3.970     0.000     0.000     2.000 
CH2CHO             2   436.000     3.970     0.000     0.000     2.000 
C2H2OH             2   224.700     4.162     0.000     0.000     1.000 
                                                                       
C3H2               2   209.000     4.100     0.000     0.000     1.000 
C3H3               2   252.000     4.760     0.000     0.000     1.000 
aC3H4              1   252.000     4.760     0.000     0.000     1.000 
pC3H4              1   252.000     4.760     0.000     0.000     1.000 
cC3H4              1   252.000     4.760     0.000     0.000     1.000
CH2OCH2            1   252.000     4.760     0.000     0.000     1.000
CH2OCH             1   252.000     4.760     0.000     0.000     1.000
CH3CH2CHO          1   252.000     4.760     0.000     0.000     1.000
                                                                       
C4H                1   357.000     5.180     0.000     0.000     1.000 
C4H2               1   357.000     5.180     0.000     0.000     1.000 
H2C4O              2   357.000     5.180     0.000     0.000     1.000 
C4H2OH             2   224.700     4.162     0.000     0.000     1.000 
iC4H3              2   357.000     5.180     0.000     0.000     1.000 
nC4H3              2   357.000     5.180     0.000     0.000     1.000 
C4H4               2   357.000     5.180     0.000     0.000     1.000 
iC4H5              2   357.000     5.180     0.000     0.000     1.000 
nC4H5              2   357.000     5.180     0.000     0.000     1.000 
C4H5-2             2   357.000     5.180     0.000     0.000     1.000 
C4H6               2   357.000     5.180     0.000     0.000     1.000 
C4H6-2             2   357.000     5.180     0.000     0.000     1.000
C4H612             2   357.000     5.180     0.000     0.000     1.000 
CH3CHOCH2          2   357.000     5.180     0.000     0.000     1.000
                                                                       
C5H2               1   357.000     5.180     0.000     0.000     1.000 
C5H3               1   357.000     5.180     0.000     0.000     1.000 
C5H5               1   357.000     5.180     0.000     0.000     1.000 
C5H6               1   357.000     5.180     0.000     0.000     1.000 
lC5H7              1   357.000     5.180     0.000     0.000     1.000
C4H6O25            1   357.000     5.180     0.000     0.000     1.000
C4H6O23            1   357.000     5.180     0.000     0.000     1.000
C4H4O              1   357.000     5.180     0.000     0.000     1.000
CH2CHCO            1   357.000     5.180     0.000     0.000     1.000
!           CH3CHOCH2          1   357.000     5.180     0.000     0.000     1.000
CH2CHCHCHO         1   357.000     5.180     0.000     0.000     1.000
CH3CHCHCO          1   357.000     5.180     0.000     0.000     1.000
C2H3CHOCH2         1   357.000     5.180     0.000     0.000     1.000
CH3CHCHCHO         1   357.000     5.180     0.000     0.000     1.000
                                                                       
C6H                1   357.000     5.180     0.000     0.000     1.000 
C6H2               1   357.000     5.180     0.000     0.000     1.000 
C6H3               2   357.000     5.180     0.000     0.000     1.000 
l-C6H4             2   412.300     5.349     0.000     0.000     1.000 
  
nC6H5              2   412.300     5.349     0.000     0.000     1.000 
i-C6H5             2   412.300     5.349     0.000     0.000     1.000 
l-C6H6             2   412.300     5.349     0.000     0.000     1.000 
C4H5C2H            2   412.300     5.349     0.000     0.000     1.000 
n-C6H7             2   412.300     5.349     0.000     0.000     1.000 
i-C6H7             2   412.300     5.349     0.000     0.000     1.000 
C6H8               2   412.300     5.349     0.000     0.000     1.000 
A1O                2   464.8       5.29      0.00     10.32      0.000 
A1OH               2   464.8       5.29      0.00     10.32      0.000 
A1                 2   464.8       5.29      0.00     10.32      0.000 
A1-                2   464.8       5.29      0.00     10.32      0.000 
fulvene            2   464.8       5.29      0.00     10.32      0.000 
o-C6H4             2   464.8       5.29      0.00     10.32      0.000 
A1CO               2   593         5.5       2.8       0.0       1.0
C6H4O2             2   485         5.425     0.4       0.0       1.0
C5H5O13            2   494         5.2       1.6       0.0       1.0
cC5H4              1   357.000     5.180     0.000     0.000     1.000
C5H4               1   357.000     5.180     0.000     0.000     1.000
!              C5H5               1   357.000     5.180     0.000     0.000     1.000 
lC5H5              1   357.000     5.180     0.000     0.000     1.000 
!              C5H6               1   357.000     5.180     0.000     0.000     1.000

                                                                       
HE                 0    10.200     2.576     0.000     0.000     0.000 
H                  0   145.000     2.050     0.000     0.000     0.000 
H2                 1    38.000     2.920     0.000     0.790   280.000 
H2O                2   572.400     2.605     1.844     0.000     4.000 
H2O2               2   107.400     3.458     0.000     0.000     3.800 
HO2                2   107.400     3.458     0.000     0.000     1.000 
N2                 1    97.530     3.621     0.000     1.760     4.000 
O                  0    80.000     2.750     0.000     0.000     0.000 
O2                 1   107.400     3.458     0.000     1.600     3.800 
OH                 1    80.000     2.750     0.000     0.000     0.000 
                                                                       
                                                                       
!The Lennard-Jones parameters of polycyclic aromatic hydrocarbons were 
!based on the critical temperature and pressure. See H. Wang and M. Fre
!"Transport Properties of Polycyclic Aromatic Hydrocarbons for Flame Mo
!Combustion and Flame, 96:163-170 (1994)                               
                                                                       
c-C6H4             2   464.8       5.29      0.00     10.32      0.000 
C6H6               2   464.8       5.29      0.00     10.32      0.000 
C6H5               2   464.8       5.29      0.00     10.32      0.000 
C6H5CH3            2   495.3       5.68      0.43     12.30      1.000 
C6H5C2H3           2   546.2       6.00      0.13     15.00      1.000 
C6H5CH2            2   495.3       5.68      0.43     12.30      1.000 
C6H5C2H            2   535.6       5.72      0.77     12.00      1.000 
A2                 2   630.4       6.18      0.00     16.50      1.000 
c-C6H7             2   464.8       5.29      0.00     10.32      0.000 
C5H4O              2   464.8       5.29      0.00     10.32      0.000 
C5H5O              2   464.8       5.29      0.00     10.32      0.000 
C5H4OH             2   464.8       5.29      0.00     10.32      0.000 
C6H5O              2   464.8       5.29      0.00     10.32      0.000 
C6H5OH             2   464.8       5.29      0.00     10.32      0.000 

aC3H5              2   266.800     4.982     0.000     0.000     1.000
CH3CCH2            2   266.800     4.982     0.000     0.000     1.000
CH3CHCH            2   266.800     4.982     0.000     0.000     1.000
C3H6               2   266.800     4.982     0.000     0.000     1.000
C3H7               2   266.800     4.982     0.000     0.000     1.000
!                C4H6               2   357.000     5.180     0.000     0.000     1.000
iC3H7              2   266.800     4.982     0.000     0.000     1.000
nC3H7              2   266.800     4.982     0.000     0.000     1.000
C3H8               2   266.800     4.982     0.000     0.000     1.000

!                C4H                1   357.000     5.180     0.000     0.000     1.000
!                C4H2               1   357.000     5.180     0.000     0.000     1.000
!                C4H2OH             2   224.700     4.162     0.000     0.000     1.000 
!                iC4H5              2   357.000     5.176     0.000     0.000     1.000
!                C4H6               2   357.000     5.176     0.000     0.000     1.000
C4H7               2   357.000     5.176     0.000     0.000     1.000
SAXC4H7            2   357.000     5.176     0.000     0.000     1.000
iC4H7-1            2   357.000     5.176     0.000     0.000     1.000
C4H7-2             2   357.000     5.176     0.000     0.000     1.000
CH3CCHCH3          2   357.000     5.176     0.000     0.000     1.000
iC4H7              2   357.000     5.176     0.000     0.000     1.000
C4H81              2   357.000     5.176     0.000     0.000     1.000
C4H82              2   357.000     5.176     0.000     0.000     1.000
iC4H8              2   357.000     5.176     0.000     0.000     1.000
tC4H9              2   357.000     5.176     0.000     0.000     1.000
iC4H9              2   357.000     5.176     0.000     0.000     1.000
pC4H9              2   357.000     5.176     0.000     0.000     1.000
sC4H9              2   357.000     5.176     0.000     0.000     1.000
C4H10              2   357.000     5.176     0.000     0.000     1.000
iC4H10             2   357.000     5.176     0.000     0.000     1.000
CH3COCH3           2   357.000     5.176     0.000     0.000     1.000
C2H3CHO            2   357.000     5.176     0.000     0.000     1.000
iC4H7O             2   450.000     5.500     0.000     0.000     1.000 
CH3CHO             2   436.000     3.970     0.000     0.000     2.000
CH3CO              2   436.000     3.970     0.000     0.000     2.000
sC2H4OH            2   470.600     4.410     0.000     0.000     1.500
sC4H9OH            2   641.92      2.40      1.67      8.88      1   
sC4H8OHm           2   641.92      2.40      1.67      8.88      1   
sC4H8OH-1          2   641.92      2.40      1.67      8.88      1   
sC4H8OH-2          2   641.92      2.40      1.67      8.88      1   
sC4H8OH-3          2   641.92      2.40      1.67      8.88      1   
iC3H6OH            2   487.900     4.820     0.000     0.000     1.000
CH3COHCH3          2   487.900     4.820     0.000     0.000     1.000
iC3H5OH            2   459.5       5.036     1.7       0.0       1.0 	
iC3H4OH-1         2   459.5       5.036     1.7      0.0        1.0   
iC3H4OH-2         2   459.5       5.036     1.7      0.0        1.0   
sC4H9O             2   496.000     5.200     0.000     0.000     1.000 
C2H5OH             2   470.600     4.410     0.000     0.000     1.500 
C3H6OH-1           2   487.900     4.820     0.000     0.000     1.000
C4H7OH2-2          2   503.07      5.34      1.67      8.88      1     
C4H7OH1-2          2   503.07      5.34      1.67      8.88      1     
C4H7OH1-3          2   503.07      5.34      1.67      8.88      1     
C2H5COCH3          2   454.0       5.413     3.3       0.0       1.0 
C4H6OH1-32         2   503.07      5.34      1.67      8.88      1     
C4H71-2            2   355.000     4.650     0.000     0.000     1.000 
C4H71-3            2   355.000     4.650     0.000     0.000     1.000 
C4H71-4            2   355.000     4.650     0.000     0.000     1.000 
C4H72-1            2   355.000     4.650     0.000     0.000     1.000 
C4H72-2            2   355.000     4.650     0.000     0.000     1.000 
CH3COCH2           2   435.500     4.860     0.000     0.000     1.000 
CH2CH2COCH3        2   454.0       5.413     3.3       0.0       1.0 
CH3CHCOCH3         2   454.0       5.413     3.3       0.0       1.0 
C2H5COCH2          2   454.0       5.413     3.3       0.0       1.0 
CH3CHCO            2   443.200     4.120     0.000     0.000     1.000 
C4H7OH2-1          2   503.07      5.34      1.67      8.88      1     
CH3CHCHOH          2   496.000     5.200     0.000     0.000     1.000 
C2H5CO             2   424.600     4.820     0.000     0.000     1.000 
C2H3COCH3          2   454.0       5.413     3.3       0.0       1.0 
C4H7-24            2   358.834     5.406     0.000     0.000     1.000 
sC4H8OH-2O2        2   641.92      2.40      1.67      8.88      1   
iC3H5CHO              2   436.4   5.352   0.0 0.0 1.0 !   wjp
iC4H7O             2   496.000     5.200     0.000     0.000     1.000 ! nmm
iC3H6CO               2   436.4   5.352   0.0 0.0 1.0 !   wjp
H2C4O              2   357.000     5.180     0.000     0.000     1.000 ! JAM    
C3H5O              2   411.000     4.820     0.000     0.000     1.000 ! nmm



!#########################From 2011 Hansen & Harper & Green ###########
C2H3OH             2   384.335     4.927     0.000     0.000     1.000 
C2H5O              2   384.316     4.952     0.000     0.000     1.000 
C2H4OH             2   384.316     4.952     0.000     0.000     1.000 
CH3CHOH            2   384.335     4.844     0.000     0.000     1.000 
HCCHOH             2   384.335     4.844     0.000     0.000     1.000 
CH2COH             2   384.335     4.844     0.000     0.000     1.000 
C3H4O              2   376.994     5.183     0.000     0.000     1.000 
C3H5OJ-13          2   376.679     5.206     0.000     0.000     1.000 
C3H5O-enol2        2   411.992     5.184     0.000     0.000     1.000 
C4H7OH1-1          2   429.306     5.587     0.000     0.000     1.000 
C4H7OH1-4          2   419.669     5.570     0.000     0.000     1.000 
C4H7OH2-1          2   429.306     5.587     0.000     0.000     1.000 
C4H7OJ-8           2   394.626     5.526     0.000     0.000     1.000 
C4H7OJ-12          2   394.626     5.526     0.000     0.000     1.000 
C4H7OJ-13          2   394.626     5.526     0.000     0.000     1.000 
C4H7OJ-16          2   394.626     5.526     0.000     0.000     1.000 
!#########################From 2012 Sarathy & Vranckx & Yasunaga & Mehl
CC3H6OH            2   454.0       5.413     3.3       0.0       1.0 
C3H5OH             2   481.5       4.997     1.7       0.0       1.0 
C2H5CHO            2   435.2       4.662     2.7       0.0       1.0 
C4H9OH             2   503.07      5.34      1.67      8.88      1.0 
C4H9O              2   476.0       5.778     2.6       0.0       1.0 
AC4H8OH            2   476.0       5.778     2.6       0.0       1.0 
BC4H8OH            2   476.0       5.778     2.6       0.0       1.0 
CC4H8OH            2   476.0       5.778     2.6       0.0       1.0 
DC4H8OH            2   476.0       5.778     2.6       0.0       1.0 
C3H7CHO            2   464.2       5.009     2.6       0.0       1.0 
HOCHO              2   436.000     3.970     0.000     0.000     2.0 
HOCH2O             2   470.600     4.410     0.000     0.000     1.5 


!####################### ustc_aromatic_V1.4#######################
AR                 0   136.500     3.330     0.000     0.000     0.000          
C                  0    71.400     3.298     0.000     0.000     0.000 ! *      
CS                 0    71.400     3.298     0.000     0.000     0.000 ! *      
CH                 1    80.000     2.750     0.000     0.000     0.000          
CH*                1    80.000     2.750     0.000     0.000     0.000
CH2                1   144.000     3.800     0.000     0.000     0.000          
CH2*               1   144.000     3.800     0.000     0.000     0.000          
CH3                1   144.000     3.800     0.000     0.000     0.000          
CH4                2   141.400     3.746     0.000     2.600    13.000          
CO                 1    98.100     3.650     0.000     1.950     1.800          
CO2                1   244.000     3.763     0.000     2.650     2.100          
HCO                2   498.000     3.590     0.000     0.000     0.000          
CH2O               2   498.000     3.590     0.000     0.000     2.000          
CH2OH              2   417.000     3.690     1.700     0.000     2.000          
CH3O               2   417.000     3.690     1.700     0.000     2.000          
CH3OH              2   481.800     3.626     0.000     0.000     1.000 ! SVE    
    
C2                 1    97.530     3.621     0.000     1.760     4.000          
C2O                1   232.400     3.828     0.000     0.000     1.000 ! *      
C2H                1   209.000     4.100     0.000     0.000     2.500          
C2H2               1   209.000     4.100     0.000     0.000     2.500          
H2CC               2   209.000     4.100     0.000     0.000     2.500
C2H3               2   209.000     4.100     0.000     0.000     1.000 ! *      
C2H4               2   280.800     3.971     0.000     0.000     1.500          
C2H5               2   252.300     4.302     0.000     0.000     1.500          
HCCO               2   150.000     2.500     0.000     0.000     1.000 ! *      
HCCOH              2   436.000     3.970     0.000     0.000     2.000          
CH2CO              2   436.000     3.970     0.000     0.000     2.000          
CH2CHO             2   436.000     3.970     0.000     0.000     2.000          
C2H2OH             2   224.700     4.162     0.000     0.000     1.000 ! *      
                                                                                
C3H2               2   209.000     4.100     0.000     0.000     1.000 ! *      
C3H3               2   252.000     4.760     0.000     0.000     1.000 ! JAM    
aC3H4              1   252.000     4.760     0.000     0.000     1.000          
pC3H4              1   252.000     4.760     0.000     0.000     1.000          
cC3H4              1   252.000     4.760     0.000     0.000     1.000
CH2OCH2            1   252.000     4.760     0.000     0.000     1.000
CH2OCH             1   252.000     4.760     0.000     0.000     1.000
CH3CH2CHO          1   252.000     4.760     0.000     0.000     1.000
                                                                                
C4H                1   357.000     5.180     0.000     0.000     1.000          
C4H2               1   357.000     5.180     0.000     0.000     1.000          
H2C4O              2   357.000     5.180     0.000     0.000     1.000 ! JAM    
C4H2O              2   357.000     5.180     0.000     0.000     1.000 ! JIN est by H2C4O JAM    
C4H2OH             2   224.700     4.162     0.000     0.000     1.000 ! *      
iC4H3              2   357.000     5.180     0.000     0.000     1.000 ! JAM    
nC4H3              2   357.000     5.180     0.000     0.000     1.000 ! JAM    
C4H4               2   357.000     5.180     0.000     0.000     1.000 ! JAM    
iC4H5              2   357.000     5.180     0.000     0.000     1.000 ! JAM    
nC4H5              2   357.000     5.180     0.000     0.000     1.000 ! JAM    
C4H5-2             2   357.000     5.180     0.000     0.000     1.000 !
C4H6               2   357.000     5.180     0.000     0.000     1.000         
C4H6-2             2   357.000     5.180     0.000     0.000     1.000
C4H612             2   357.000     5.180     0.000     0.000     1.000 
C4H6-1             2   357.000     5.180     0.000     0.000     1.000
C4H7               2   357.000     5.176     0.000     0.000     1.000
SAXC4H7            2   357.000     5.176     0.000     0.000     1.000
iC4H7-1            2   357.000     5.176     0.000     0.000     1.000
C4H7-2            2   357.000     5.176     0.000     0.000     1.000
CH3CCHCH3            2   357.000     5.176     0.000     0.000     1.000
CH3CHOCH2          2   357.000     5.180     0.000     0.000     1.000
                                                                                
C5H2               1   357.000     5.180     0.000     0.000     1.000          
C5H3               1   357.000     5.180     0.000     0.000     1.000          
cC5H4              1   357.000     5.180     0.000     0.000     1.000
C5H5               1   357.000     5.180     0.000     0.000     1.000 
lC5H5              1   357.000     5.180     0.000     0.000     1.000  !=C5H5       
C5H6               1   357.000     5.180     0.000     0.000     1.000          
lC5H7              1   357.000     5.180     0.000     0.000     1.000
                                                                                
C6H                1   357.000     5.180     0.000     0.000     1.000          
C6H2               1   357.000     5.180     0.000     0.000     1.000          
C6H3               2   357.000     5.180     0.000     0.000     1.000  !       
l-C6H4             2   412.300     5.349     0.000     0.000     1.000  !(JAM)  
nC6H5              2   412.300     5.349     0.000     0.000     1.000  !(JAM)  
i-C6H5             2   412.300     5.349     0.000     0.000     1.000  !(JAM)  
l-C6H6             2   412.300     5.349     0.000     0.000     1.000  !(SVE)  
n-C6H7             2   412.300     5.349     0.000     0.000     1.000  !(JAM)  
i-C6H7             2   412.300     5.349     0.000     0.000     1.000  !(JAM)  
C6H8               2   412.300     5.349     0.000     0.000     1.000  !(JAM)  
C5H4CH3            2   412.300     5.349     0.000     0.000     1.000  !=C6H8(JAM) 
n-C6H5              2   412.300     5.349     0.000     0.000     1.000
                                                                                
HE                 0    10.200     2.576     0.000     0.000     0.000 ! *      
H                  0   145.000     2.050     0.000     0.000     0.000          
H2                 1    38.000     2.920     0.000     0.790   280.000          
H2O                2   572.400     2.605     1.844     0.000     4.000          
H2O2               2   107.400     3.458     0.000     0.000     3.800          
HO2                2   107.400     3.458     0.000     0.000     1.000 ! *      
N2                 1    97.530     3.621     0.000     1.760     4.000          
O                  0    80.000     2.750     0.000     0.000     0.000          
O2                 1   107.400     3.458     0.000     1.600     3.800          
OH                 1    80.000     2.750     0.000     0.000     0.000          
C4H6O25            1   357.000     5.180     0.000     0.000     1.000
C4H6O23            1   357.000     5.180     0.000     0.000     1.000
C4H4O              1   357.000     5.180     0.000     0.000     1.000
CH2CHCO            1   357.000     5.180     0.000     0.000     1.000
CH3CHOCH2          1   357.000     5.180     0.000     0.000     1.000
CH2CHCHCHO         1   357.000     5.180     0.000     0.000     1.000
CH3CHCHCO          1   357.000     5.180     0.000     0.000     1.000
C2H3CHOCH2         1   357.000     5.180     0.000     0.000     1.000
CH3CHCHCHO         1   357.000     5.180     0.000     0.000     1.000                                                                                


iC4H9OH            2   641.92     2.40     1.67     8.88     1        ! SMS calc CnF 2011 ic4h9oh 
!iC4H9OH           2   422.223    5.667    0.000    0.000    1.000                !  MRH  Niles Hansen
!iC4H9OH           2   503.072    5.340    1.67     8.88     1.0      ! Roberto Granda

iC4H8OH-1          2   641.92     2.40     1.67     8.88     1   !SMS calc CnF 2011 ic4h9oh
iC4H8OH-2          2   641.92     2.40     1.67     8.88     1   !SMS calc CnF 2011 ic4h9oh
iC4H8OH-3          2   641.92     2.40     1.67     8.88     1   !SMS calc CnF 2011 ic4h9oh
iC4H9O             2   496.000     5.200     0.000     0.000     1.000 ! nmm
iC3H6CHOH          2   487.900     4.820     0.000     0.000     1.000 ! nmm c3h6oh
iC3H5CH2OH         2   487.900     4.820     0.000     0.000     1.000 ! nmm  c3h6oh
iC3H7CHO              2   436.4   5.352   0.0 0.0 1.0 !   wjp, TcPc, isobutyraldehyde
CH3CHCHO                2   428.8   4.958   2.9 0.0 1.0 !   wjp, acrolein (c2h3cho)
CH2CH2CHO          2   424.600     4.820     0.000     0.000     1.000 ! nmm
iC3H7CO               2   436.4   5.352   0.0 0.0 1.0 !   wjp
C2H3CO             2   443.200     4.120     0.000     0.000     1.000 ! nmm
tC3H6CHO              2   436.4   5.352   0.0 0.0 1.0 !   wjp
C3H5O              2   411.000     4.820     0.000     0.000     1.000 ! nmm
iC3H6CHO              2   436.4   5.352   0.0 0.0 1.0 !   wjp
iC3H5CHO              2   436.4   5.352   0.0 0.0 1.0 !   wjp
iC3H5CO            2   436.4   5.352   0.0 0.0 1.0 !   wjp
!iC4H7O             2   496.000     5.200     0.000     0.000     1.000 ! nmm
iC3H6CO               2   436.4   5.352   0.0 0.0 1.0 !   wjp
C3H6OH-2      2   487.900     4.820     0.000     0.000     1.000 ! nmm c3h6oh
                                                                                
! The Lennard-Jones parameters of polycyclic aromatic hydrocarbons were estimated 
! based on the critical temperature and pressure. See H. Wang and M. Frenklach,   
! "Transport Properties of Polycyclic Aromatic Hydrocarbons for Flame Modeling."  
! Combustion and Flame, 96:163-170 (1994)                                         
                                                                                
c-C6H4             2   464.8       5.29      0.00     10.32      0.000  !  benze
A1                 2   464.8       5.29      0.00     10.32      0.000  !  benze
fulvene            2   464.8       5.29      0.00     10.32      0.000  !  benze
A1-                2   464.8       5.29      0.00     10.32      0.000  !  benze
A1CH3              2   495.3       5.68      0.43     12.30      1.000  !
C6H4C2H4           2   546.2       6.00      0.13     15.00      1.000  !=A1C2H3
p-xylene           2   546.2       6.00      0.13     15.00      1.000  !=A1C2H3
p-xylyl            2   546.2       6.00      0.13     15.00      1.000  !=A1C2H3
p-xylylene         2   546.2       6.00      0.13     15.00      1.000  !=A1C2H3
o-xylene           2   546.2       6.00      0.13     15.00      1.000  !=A1C2H3
o-xylyl            2   546.2       6.00      0.13     15.00      1.000  !=A1C2H3
o-xylylene         2   546.2       6.00      0.13     15.00      1.000  !=A1C2H3
m-xylene           2   546.2       6.00      0.13     15.00      1.000  !=A1C2H3
m-xylyl            2   546.2       6.00      0.13     15.00      1.000  !=A1C2H3
m-xylylene         2   546.2       6.00      0.13     15.00      1.000  !=A1C2H3
m-xylylene*        2   546.2       6.00      0.13     15.00      1.000  !=A1C2H3
A1C2H3             2   546.2       6.00      0.13     15.00      1.000  !
A1C2H5             2   546.2       6.00      0.13     15.00      1.000  !=A1C2H3
A1CHCH3            2   546.2       6.00      0.13     15.00      1.000  !=A1C2H3
A1CH2CH2           2   546.2       6.00      0.13     15.00      1.000  !=A1C2H3
C6H4C2H5           2   546.2       6.00      0.13     15.00      1.000  !=A1C2H3
A1CH2              2   495.3       5.68      0.43     12.30      1.000  !
C5H5CHCH           2   495.3       5.68      0.43     12.30      1.000  !=A1CH2
C7H6               2   495.3       5.68      0.43     12.30      1.000  !=A1CH2
C5H5C2H            2   495.3       5.68      0.43     12.30      1.000  !=A1CH2
C7H5               2   495.3       5.68      0.43     12.30      1.000  !=A1CH2
A1C2H              2   535.6       5.72      0.77     12.00      1.000  !
C6H3C2H            2   535.6       5.72      0.77     12.00      1.000  !=A1C2H
A2                 2   630.4       6.18      0.00     16.50      1.000  !
c-C6H7             2   464.8       5.29      0.00     10.32      0.000  !  benze
C5H4O              2   464.8       5.29      0.00     10.32      0.000  !  benze
C5H5O              2   464.8       5.29      0.00     10.32      0.000  !  benze
C5H4OH             2   464.8       5.29      0.00     10.32      0.000  !  benze
A1O                2   464.8       5.29      0.00     10.32      0.000  !  benze
A1OH               2   464.8       5.29      0.00     10.32      0.000  !  benze

aC3H5              2   266.800     4.982     0.000     0.000     1.000
CH3CCH2            2   266.800     4.982     0.000     0.000     1.000
CH3CHCH            2   266.800     4.982     0.000     0.000     1.000
C3H6               2   266.800     4.982     0.000     0.000     1.000
C3H7               2   266.800     4.982     0.000     0.000     1.000
C4H6               2   357.000     5.180     0.000     0.000     1.000
iC3H7              2   266.800     4.982     0.000     0.000     1.000
nC3H7              2   266.800     4.982     0.000     0.000     1.000
C3H8               2   266.800     4.982     0.000     0.000     1.000
C4H                1   357.000     5.180     0.000     0.000     1.000
C4HO               1   357.000     5.180     0.000     0.000     1.000  ! JIN est. by C4H
C4H2               1   357.000     5.180     0.000     0.000     1.000
iC4H5              2   357.000     5.176     0.000     0.000     1.000
C4H6               2   357.000     5.176     0.000     0.000     1.000
C4H7               2   357.000     5.176     0.000     0.000     1.000
iC4H7              2   357.000     5.176     0.000     0.000     1.000
C4H81              2   357.000     5.176     0.000     0.000     1.000
C4H82              2   357.000     5.176     0.000     0.000     1.000
iC4H8              2   357.000     5.176     0.000     0.000     1.000
tC4H9              2   357.000     5.176     0.000     0.000     1.000
iC4H9              2   357.000     5.176     0.000     0.000     1.000
pC4H9              2   357.000     5.176     0.000     0.000     1.000
sC4H9              2   357.000     5.176     0.000     0.000     1.000
C4H10              2   357.000     5.176     0.000     0.000     1.000
iC4H10             2   357.000     5.176     0.000     0.000     1.000
CH3COCH3           2   357.000     5.176     0.000     0.000     1.000
C2H3CHO            2   357.000     5.176     0.000     0.000     1.000
iC4H7O             2   450.000     5.500     0.000     0.000     1.000 ! JAM
CH3CHO             2   436.000     3.970     0.000     0.000     2.000
CH3CO              2   436.000     3.970     0.000     0.000     2.000
C5H5O24            2   494         5.2       1.6       0.0       1.0
C5H5O13            2   494         5.2       1.6       0.0       1.0
A1CO               2   593         5.5       2.8       0.0       1.0
A1CHO              2   593         5.47      2.8       0.0       1.0
C6H4O2             2   485         5.425     0.4       0.0       1.0
HOC6H4CH3          2   567         5.60      1.6       0.0       1.0
A1CH2OH            2   572         5.82      1.7       0.0       1.0
A1CH2O             2   495.3       5.68      0.43     12.30      1.000
C5H5OH             2   464.800     5.290     0.000    10.320     0.000  !  as C5H4OH, ZD99
C5H4OH             2   464.800     5.290     0.000    10.320     0.000  !  benze
C6H5C6H5           2   676.5       6.31      0.00     20.00      1.000  !  biphe
OC6H4CH3           2   567         5.6       1.6       0.0       1.000
P-C6H4O2           2   450.000     5.500     0.000     0.000     1.000
P-C6H3O2           2   450.000     5.500     0.000     0.000     1.000
O-C6H4O2           2   450.000     5.500     0.000     0.000     1.000
O-C6H3O2-1         2   450.000     5.500     0.000     0.000     1.000
O-C6H3O2-2         2   450.000     5.500     0.000     0.000     1.000
P-OC6H5OJ           2   450.000     5.500     0.000     0.000     1.000
O-OC6H5OJ           2   450.000     5.500     0.000     0.000     1.000
OC6H4OH            2   450.000     5.500     0.000     0.000     1.000
C5H3O              2   511.398     5.357     0.000     0.000     1.000 ! =c5h4o, mc 06/2005


C5H52              1   357.000     5.180     0.000     0.000     1.000
C4H5               2   329         5.1       0.0       0.0       1.0
c-C4H5             2   329         5.1       0.0       0.0       1.0
bi-A1CH2           2   620         7.24      0.0       0.0       1.0
o-C6H4             2   464.8       5.29      0.00     10.32      0.000  !  benzyne
A2                 2   630.4       6.18      0.00     16.50      1.000  !  naphthalene
C6H4CH3            2   495.3       5.68      0.43     12.30      1.000  !

!=======================================taken from ABF===========================================

C5H2               1   357.000     5.180     0.000     0.000     1.000          
C5H3               1   357.000     5.180     0.000     0.000     1.000
C5H4               1   357.000     5.180     0.000     0.000     1.000  !=C5H3
A1C2H*             2   535.6       5.72      0.77     12.00      1.000  !
A1C2H-             2   535.6       5.72      0.77     12.00      1.000  !  
C7H7               2   357.000     5.176     0.000     0.000     1.000
A1CC               2   535.6       5.72      0.77     12.00      1.000  !
A1cC2H2            2   535.6       5.72      0.77     12.00      1.000  !=A1C2H
C6H4C2H3           2   546.2       6.00      0.13     15.00      1.000  !                 2-vinylphenyl radical

A1C2H3             2   546.2       6.00      0.13     15.00      1.000  !  styre
A1C2H3*            2   546.2       6.00      0.13     15.00      1.000  !  
A1CCH2             2   546.2       6.00      0.13     15.00      1.000  !  
C8H2               2   546.2       6.00      0.13     15.00      1.000  !=A1C2H3
C8H                2   546.2       6.00      0.13     15.00      1.000  !=A1C2H3
o-C7H8             2   495.3       5.68      0.43     12.30      1.000  !  benze
p-C7H8             2   495.3       5.68      0.43     12.30      1.000  !  benze
HOC6H4CH2          2   567         5.60      1.6       0.0       1.0


C9H9-1             2   588.677     6.039     0.000     0.000     1.000  !CNRS 2000        indanyl radical
C9H10              2   591.609     6.056     0.000     0.000     1.000  !CNRS 2000        indane
CH2A1C2H3          2   588.677     6.039     0.000     0.000     1.000  !=indanyl         2-methylenestyrene radical
C9H7CH2            2   622.957     6.238     0.000     0.000     1.000  !=H2A2-1          1-methyleneindanyl radical
C9H6CH2            2   630.4       6.18      0.00     16.50      1.000  !=A2              1-methyleneindene 
C2H2A1C2H          2   630.4       6.18      0.00     16.50      1.000
C9H8CH3            2   628.578     6.270     0.000     0.000     1.000  !=H4A2-1          2-methylindenyl radical
CH2A1C3H5          2   628.578     6.270     0.000     0.000     1.000
C9H7CH3            2   625.772     6.254     0.000     0.000     1.000  !CNRS 2000        2-methylindene
C2H4A1C2H3         2   628.578     6.270     0.000     0.000     1.000  !=H4A2-1          2-ethylstyrene radical
A1(C2H3)2          2   625.772     6.254     0.000     0.000     1.000  !=H2A2            o-divinylbenzene

C9H7               2   586.0       6.09      0.00     16.00      1.000  ! EST
C9H8               2   586.0       6.09      0.00     16.00      1.000  ! EST
CH3A1C2H3          2   586.0       6.09      0.00     16.00      1.000  ! EST
A1CHCHCH3          2   586.0       6.09      0.00     16.00      1.000  ! EST
A1C3H2             2   586.0       6.09      0.00     16.00      1.000  ! =C9H8
OC6H4C2H5          2   586.0       6.09      0.00     16.00      1.000  ! =C9H8
naphthyne          2   630.4       6.18      0.00     16.50      1.000  !
A2                 2   630.4       6.18      0.00     16.50      1.000  !  naphthalene 
A2-                2   630.4       6.18      0.00     16.50      1.000  !  
C10H9              2   630.4       6.18      0.00     16.50      1.000  !=A2
C10H10             2   630.4       6.18      0.00     16.50      1.000  !=A2
MeIndene           2   630.4       6.18      0.00     16.50      1.000  !=A2
A1C4H4             2   630.4       6.18      0.00     16.50      1.000  !=A2
A2-1               2   630.4       6.18      0.00     16.50      1.000  !  
A2-2               2   630.4       6.18      0.00     16.50      1.000  !  
A1C2HC2H2          2   630.4       6.18      0.00     16.50      1.000  !  
A1(C2H)2           2   630.4       6.18      0.00     16.50      1.000  !
C10H               2   630.4       6.18      0.00     16.50      1.000  !=A2
C10H2              2   630.4       6.18      0.00     16.50      1.000  !=A2

C11H8              2   653.1       6.27      0.00     17.00      1.000  !EST
C11H7              2   653.1       6.27      0.00     17.00      1.000  !EST
A2R5               2   693.1       6.47      0.00     18.00      1.000  !  acena
A2R5V              2   693.1       6.47      0.00     18.00      1.000  !
A2R5E              2   693.1       6.47      0.00     18.00      1.000  !
HA2R5              2   693.1       6.47      0.00     18.00      1.000  !  acena
BIPHEN             2   693.1       6.47      0.00     18.00      1.000  !
BIPHENH            2   693.1       6.47      0.00     18.00      1.000  !
A2R5-              2   693.1       6.47      0.00     18.00      1.000  !  
A2R5V-             2   693.1       6.47      0.00     18.00      1.000  !  
A2R5E-             2   693.1       6.47      0.00     18.00      1.000  !  
A2C2H              2   693.1       6.47      0.00     18.00      1.000  !  
A2C2H2             2   693.1       6.47      0.00     18.00      1.000  !
A2C2H*             2   693.1       6.47      0.00     18.00      1.000  ! 
A2C2HA             2   693.1       6.47      0.00     18.00      1.000  ! 
A2C2HA*            2   693.1       6.47      0.00     18.00      1.000  !
A2C2HB             2   693.1       6.47      0.00     18.00      1.000  ! 
A2C2HB*            2   693.1       6.47      0.00     18.00      1.000  !  


p-C13H10           2   523.4       6.568     0.000     0.000     1.000  ! =C13H10
p-C13H9            2   523.4       6.568     0.000     0.000     1.000
C13H9              2   523.4     6.568     0.000     0.000     1.000 ! " MIT
C13H10             2   523.4     6.568     0.000     0.000     1.000 ! " MIT
BENZYLBJ           2   523.4     6.568     0.000     0.000     1.000 ! " MIT
C13H12             2   523.4     6.568     0.000     0.000     1.000 ! " MIT

A3                 2   772.0       6.96      0.00     38.80      1.000  !  phenanthrene
A3L                2   772.0       6.96      0.00     38.80      1.000  !
A3-1               2   772.0       6.96      0.00     38.80      1.000  !
A3-4               2   772.0       6.96      0.00     38.80      1.000  !
A2(C2H)2            2   772.0       6.96      0.00     38.80      1.000  !
C14H14             2   772.0       6.96      0.00     38.80      1.000  !=A3
C14H12             2   772.0       6.96      0.00     38.80      1.000  !=A3
A2R5R5             2   772.0       6.96      0.00     38.80      1.000  !=A3
C14H13           2   783.800     6.640     0.000     0.000     1.000 ! LNLL =c14h14

A4                 2   834.9       7.24      0.00     45.00      1.000  ! pyrene
A4L                2   834.9       7.24      0.00     45.00      1.000  !
CHRYSEN            2   834.9       7.24      0.00     45.00      1.000  ! pyrene
A4-                2   834.9       7.24      0.00     45.00      1.000  ! 
A3C2H              2   834.9       7.24      0.00     45.00      1.000  !
A3CH2R             2   834.9       7.24      0.00     45.00      1.000  !=A4
A3C2H2             2   834.9       7.24      0.00     45.00      1.000  !

P2                 2   676.5       6.31      0.00     20.00      1.000  !  biphe
P2-H               2   676.5       6.31      0.00     20.00      1.000  !
P2-                2   676.5       6.31      0.00     20.00      1.000  !
!=================================pitcsh===============
C9H6O              2   630.400     6.180     0.000     0.000     1.000

!=======================================MIT===============
A1OCH3             2   450.000     5.754     0.000     0.000     1.000 ! C7H8O
A1OA1              2   450.000     6.477     0.000     0.000     1.000 !C12H10, HR
C6H4OH             2   450.000     5.500     0.000     0.000     1.000 ! CP=c6h5o!
OC6H4O2            2   450.000     5.500     0.000     0.000     1.000 ! HR
PC6H4O2            2   450.000     5.500     0.000     0.000     1.000 ! HR
C5H5OH             2   450.000     5.500     0.000     0.000     1.000 ! JAM
C5H4OH             2   450.000     5.500     0.000     0.000     1.000 !    !
C5H4O              2   450.000     5.500     0.000     0.000     1.000 !    !
C6H3O2             2   450.000     5.500     0.000     0.000     1.000 ! HR
C6H3O3             2   450.000     5.500     0.000     0.000     1.000 !  "
A1CHCH             2   450.000     5.646     0.000     0.000     1.000 ! HR
A1CH               2   450.000     5.549     0.000     0.000     1.000 ! as C6H7
A2R5H2             2   523.4     6.568     0.000     0.000     1.000 ! "
A2R5T              2   523.4     6.568     0.000     0.000     1.000 !HR
A2T1               2   450.0     6.090     0.000     0.000     1.000 ! cp/HR
A2T2               2   450.0     6.090     0.000     0.000     1.000 ! cp/HR
A2OH-1             2   402.9     6.744     0.000     0.000     1.000 ! "
A2OH-2             2   402.9     6.744     0.000     0.000     1.000 ! "
A2OH-1             2   402.9     6.744     0.000     0.000     1.000 ! "
A2OH-2             2   402.9     6.744     0.000     0.000     1.000 ! "
A2CH3-1            2   402.9     6.744     0.000     0.000     1.000 ! "
A2CH2-1            2   402.9     6.744     0.000     0.000     1.000 ! "
A2CH3-2            2   402.9     6.744     0.000     0.000     1.000 ! "
A2CH2-2            2   402.9     6.744     0.000     0.000     1.000 ! "
A2R5J1             2   523.4     6.568     0.000     0.000     1.000 ! TB
A2R5J3             2   523.4     6.568     0.000     0.000     1.000 ! TB 
A2R5J4             2   523.4     6.568     0.000     0.000     1.000 ! TB 
A2R5J5             2   523.4     6.568     0.000     0.000     1.000 ! TB 
A2O-1              2   402.9     6.744     0.000     0.000     1.000 ! "
A2O-2              2   402.9     6.744     0.000     0.000     1.000 ! "
FLTHN              2   776.2     7.407     0.000     0.000     1.000 ! fluor
A2C6H5-2           2   776.2     7.407     0.000     0.000     1.000 ! "
C18H12             2   776.2     7.407     0.000     0.000     1.000 ! "
C18H11             2   776.2     7.407     0.000     0.000     1.000
BENZOF             2   776.2     7.407     0.000     0.000     1.000 ! "
A2R5J1             2   523.4     6.568     0.000     0.000     1.000 ! TB
A2R5J3             2   523.4     6.568     0.000     0.000     1.000 ! TB 
A2R5J4             2   523.4     6.568     0.000     0.000     1.000 ! TB 
A2R5J5             2   523.4     6.568     0.000     0.000     1.000 ! TB 
A2R5YNE1           2   523.4     6.568     0.000     0.000     1.000 ! TB
A2R5YNE3           2   523.4     6.568     0.000     0.000     1.000 ! TB 
A2R5YNE4           2   523.4     6.568     0.000     0.000     1.000 ! TB 
A2R5YNE5           2   523.4     6.568     0.000     0.000     1.000 ! TB 
A3CH3              2   523.4     6.568     0.000     0.000     1.000 ! HR
A3CH2              2   523.4     6.568     0.000     0.000     1.000 ! HR
A3CH2R             2   776.2     7.407     0.000     0.000     1.000 ! "
A3R5               2   776.2     7.407     0.000     0.000     1.000 ! A4
A3LR5              2   776.2     7.407     0.000     0.000     1.000 ! A4
! 1-15: Species name                                                             
! 16-80: Molecular parameters                                                    
!        molecule index: 0 = atom, 1= linear molec.                              
!                        2 = nonlinear molec.                                    
!        L-J potential well depth, e/kb (K)                                      
!        L-J collision diameter, s,                                             
!        Dipole moment, f, Debye                                                 
!        Polarizability, `, 2                                                   
!        Rotational relaxation number, Zrot at 298K                              
!        Comments                                                               
END

